0_L <- product_mng 0_WA (5.13368, 75.4545, 99.0324)
2_to_3_TSC <- IT 0_L 0_WA (5.32702, 70.3379, 108.909)
0_L <- IT 2_to_3_TSC (5.27368, 84.9558, 111.503)
2_to_3_TSC <- IT 0_L (6.36042, 70.4403, 109.067)
0_WA <- IT 2_to_3_TSC (5.27368, 85.8407, 100.353)
0_WA <- IT 0_L (6.36042, 83.7526, 97.9116)
0_L <- IT 0_WA (7.08714, 75.1646, 98.6519)
0_WA <- high_SAL 2_to_3_TSC 0_L (5.18035, 82.3681, 96.293)
0_L <- high_SAL 2_to_3_TSC (5.48703, 94.4107, 123.912)
0_WA <- high_SAL 2_to_3_TSC (5.48703, 83.3536, 97.4451)
0_WA <- high_SAL 0_L (7.70051, 83.3766, 97.472)
0_L <- high_SAL 0_WA (6.96713, 92.1531, 120.949)
0_WA <- 6_NP very_low_SAT 1_L 4_to_6_TSC (5.68038, 95.6573, 111.829)
4_to_6_TSC <- 6_NP very_low_SAT 1_L 0_WA (5.48703, 99.0279, 312.831)
1_L <- 6_NP very_low_SAT 4_to_6_TSC 0_WA (6.00707, 90.455, 379.931)
very_low_SAT <- 6_NP 1_L 4_to_6_TSC 0_WA (5.65371, 96.1085, 828.943)
6_NP <- very_low_SAT 1_L 4_to_6_TSC 0_WA (5.76705, 94.2197, 988.252)
4_to_6_TSC <- 6_NP very_low_SAT 1_L (5.73372, 99.0698, 312.963)
1_L <- 6_NP very_low_SAT 4_to_6_TSC (6.47376, 87.7446, 368.547)
very_low_SAT <- 6_NP 1_L 4_to_6_TSC (5.90706, 96.1625, 829.409)
6_NP <- very_low_SAT 1_L 4_to_6_TSC (6.06707, 93.6264, 982.029)
0_WA <- 6_NP very_low_SAT 1_L (5.73372, 95.6977, 111.876)
1_L <- 6_NP very_low_SAT 0_WA (6.44043, 85.1967, 357.845)
very_low_SAT <- 6_NP 1_L 0_WA (5.81372, 94.3807, 814.041)
6_NP <- very_low_SAT 1_L 0_WA (5.90039, 92.9944, 975.4)
1_L <- 6_NP very_low_SAT (6.9538, 82.4545, 346.327)
very_low_SAT <- 6_NP 1_L (6.07374, 94.4018, 814.222)
6_NP <- very_low_SAT 1_L (6.20708, 92.3738, 968.891)
6_NP <- very_low_SAT 4_to_6_TSC 70_LE (5.03367, 72.8477, 764.086)
6_NP <- very_low_SAT 4_to_6_TSC low_SAL (5.33369, 70.75, 742.083)
0_WA <- 6_NP very_low_SAT 4_to_6_TSC (6.47376, 92.7909, 108.478)
4_to_6_TSC <- 6_NP very_low_SAT 0_WA (6.44043, 93.2712, 294.645)
very_low_SAT <- 6_NP 4_to_6_TSC 0_WA (7.24715, 82.8887, 714.921)
4_to_6_TSC <- 6_NP very_low_SAT (6.9538, 93.0968, 294.094)
very_low_SAT <- 6_NP 4_to_6_TSC (7.92053, 81.734, 704.962)
very_low_SAT <- 6_NP low_SAL (5.18035, 76.9627, 663.809)
0_WA <- 6_NP very_low_SAT (6.9538, 92.6174, 108.275)
very_low_SAT <- 6_NP 0_WA (8.61391, 74.7678, 644.878)
0_WA <- 6_NP 1_L 4_to_6_TSC (5.90706, 95.7111, 111.892)
4_to_6_TSC <- 6_NP 1_L 0_WA (5.81372, 97.2477, 307.207)
1_L <- 6_NP 4_to_6_TSC 0_WA (7.24715, 78.0129, 327.672)
4_to_6_TSC <- 6_NP 1_L (6.07374, 97.2558, 307.232)
1_L <- 6_NP 4_to_6_TSC (7.92053, 74.5791, 313.249)
1_L <- 6_NP low_SAL (5.18035, 70.6564, 296.773)
0_WA <- 6_NP 1_L (6.07374, 95.719, 111.901)
4_to_6_TSC <- 6_NP low_SAL (5.18035, 85.0708, 268.74)
0_WA <- 6_NP 4_to_6_TSC (7.92053, 91.4983, 106.967)
4_to_6_TSC <- 6_NP 0_WA (8.61391, 84.1331, 265.778)
0_WA <- 6_NP low_SAL (5.18035, 90.3475, 105.621)
1_L <- 30_LE low_SAT 0_WA (5.16034, 70.6718, 296.838)
low_SAT <- 30_LE 2_NP 2_to_3_TSC 0_WA (5.24702, 79.4155, 418.83)
low_SAT <- 30_LE 2_NP 2_to_3_TSC (5.80705, 77.6119, 409.318)
2_NP <- 30_LE low_SAT 0_WA (5.16034, 85.5297, 199.109)
low_SAT <- 30_LE 2_NP 0_WA (6.16041, 71.645, 377.849)
2_NP <- 30_LE low_SAT (5.69371, 84.7775, 197.358)
2_to_3_TSC <- 30_LE low_SAT 0_WA (5.16034, 88.3721, 136.832)
2_to_3_TSC <- 30_LE low_SAT (5.69371, 86.7681, 134.349)
0_WA <- 30_LE low_SAT (5.69371, 90.6323, 105.954)
0_WA <- 30_LE 2_NP 2_to_3_TSC (5.80705, 90.3559, 105.631)
2_to_3_TSC <- 30_LE 2_NP 0_WA (6.16041, 85.1732, 131.879)
2_NP <- 30_LE 2_to_3_TSC 0_WA (6.84712, 76.631, 178.393)
2_to_3_TSC <- 30_LE 2_NP (6.92713, 83.8306, 129.8)
2_NP <- 30_LE 2_to_3_TSC (7.65384, 75.8711, 176.624)
0_WA <- 30_LE 2_NP (6.92713, 88.9317, 103.966)
2_to_3_TSC <- 30_LE low_SAL (5.19368, 77.0218, 119.258)
0_WA <- 30_LE low_SAL (5.19368, 88.0616, 102.949)
0_WA <- 30_LE 2_to_3_TSC (7.65384, 89.4599, 104.584)
2_to_3_TSC <- 30_LE 0_WA (9.05394, 75.6259, 117.096)
0_WA <- 30_LE 0_L (6.5271, 81.4096, 95.1725)
1_L <- very_low_SAT 4_to_6_TSC 70_LE (5.03367, 72.1854, 303.195)
0_WA <- very_low_SAT 1_L 4_to_6_TSC (6.06707, 95.0549, 111.125)
4_to_6_TSC <- very_low_SAT 1_L 0_WA (5.90039, 97.7401, 308.762)
4_to_6_TSC <- very_low_SAT 1_L (6.20708, 97.7444, 308.776)
0_WA <- very_low_SAT 1_L (6.20708, 95.0591, 111.129)
0_WA <- very_low_SAT 4_to_6_TSC 70_LE (5.03367, 92.4503, 108.08)
4_to_6_TSC <- very_low_SAT 70_LE 0_WA (5.16701, 90.0645, 284.515)
4_to_6_TSC <- very_low_SAT 70_LE (5.64704, 89.1381, 281.589)
0_WA <- very_low_SAT 4_to_6_TSC low_SAL (5.33369, 88.875, 103.9)
4_to_6_TSC <- very_low_SAT low_SAL 0_WA (5.41369, 87.5616, 276.608)
4_to_6_TSC <- very_low_SAT low_SAL (6.14041, 86.8621, 274.399)
0_WA <- very_low_SAT 4_to_6_TSC (9.82732, 89.4166, 104.533)
4_to_6_TSC <- very_low_SAT 0_WA (10.2807, 85.4734, 270.012)
0_WA <- very_low_SAT 70_LE (5.64704, 91.4994, 106.968)
0_WA <- very_low_SAT low_SAL (6.14041, 88.165, 103.07)
0_WA <- very_low_SAT 0_L (5.38703, 81.3119, 95.0582)
2_to_3_TSC <- 1_WA medium_SAT 0_L (5.60037, 76.1905, 117.971)
2_to_3_TSC <- 1_WA medium_SAT (5.62704, 75.9479, 117.595)
0_L <- 1_WA medium_SAT (5.62704, 99.5261, 130.626)
0_L <- 1_WA 70_LE (5.10034, 93.2026, 122.326)
2_to_3_TSC <- 1_WA high_SAT 0_L (5.18701, 73.0077, 113.042)
0_L <- 1_WA high_SAT (5.48037, 94.6472, 124.222)
2_to_3_TSC <- 1_WA 50_LE (5.37369, 70.8437, 109.692)
0_L <- 1_WA 50_LE (5.37369, 93.6725, 122.943)
2_to_3_TSC <- 1_WA 2_NP 0_L (5.72038, 72.3776, 112.067)
2_to_3_TSC <- 1_WA 2_NP (6.21375, 74.4635, 115.297)
0_L <- 1_WA 2_NP (6.21375, 92.0601, 120.827)
0_L <- 1_WA medium_SAL (6.24708, 92.1025, 120.882)
0_L <- 1_WA 4_NP (7.32716, 94.9045, 124.56)
0_L <- 1_WA low_SAL (6.9338, 90.8654, 119.259)
0_L <- 1_WA 2_to_3_TSC (9.68731, 94.8383, 124.473)
0_L <- support 70_LE (5.25368, 79.8223, 104.765)
0_WA <- support 70_LE (5.25368, 82.6142, 96.5807)
0_L <- support high_SAT (5.38703, 82.797, 108.669)
0_WA <- support high_SAT (5.38703, 83.1683, 97.2285)
2_to_3_TSC <- support 50_LE (5.19368, 79.3325, 122.836)
0_L <- support 50_LE (5.19368, 76.38, 100.247)
0_WA <- support 50_LE (5.19368, 85.3659, 99.7975)
0_WA <- support 2_NP 2_to_3_TSC (5.11367, 87.0926, 101.816)
2_to_3_TSC <- support 2_NP 0_WA (5.42703, 82.0639, 127.065)
2_to_3_TSC <- support 2_NP (6.30709, 81.0782, 125.539)
0_L <- support 2_NP (6.30709, 73.1501, 96.0079)
0_WA <- support 2_NP (6.30709, 86.0465, 100.593)
2_to_3_TSC <- support medium_SAL 0_L (5.22702, 74.7449, 115.732)
0_WA <- support medium_SAL 0_L (5.22702, 83.4184, 97.5208)
0_L <- support medium_SAL 0_WA (5.34702, 81.5461, 107.028)
0_L <- support medium_SAL (6.28042, 83.2272, 109.234)
0_WA <- support medium_SAL (6.28042, 85.138, 99.5312)
2_to_3_TSC <- support 4_NP 0_L (6.16041, 75, 116.127)
0_WA <- support 4_NP 0_L (6.16041, 80.8442, 94.5114)
0_L <- support 4_NP 0_WA (5.96706, 83.4637, 109.544)
0_L <- support 4_NP (7.22048, 85.3186, 111.979)
0_WA <- support 4_NP (7.22048, 82.6408, 96.6118)
2_to_3_TSC <- support low_SAL 0_L (5.047, 72.9194, 112.906)
0_WA <- support low_SAL 0_L (5.047, 79.7886, 93.2775)
0_WA <- support low_SAL (7.64051, 84.8168, 99.1556)
0_WA <- support 2_to_3_TSC 0_L (8.24055, 82.3625, 96.2864)
0_L <- support 2_to_3_TSC 0_WA (8.42056, 80.6017, 105.788)
2_to_3_TSC <- support 0_L 0_WA (9.06727, 74.8529, 115.9)
0_L <- support 2_to_3_TSC (9.92733, 83.0087, 108.947)
2_to_3_TSC <- support 0_L (11.1607, 73.8351, 114.324)
0_WA <- support 2_to_3_TSC (9.92733, 84.822, 99.1618)
0_WA <- support 0_L (11.1607, 81.2425, 94.9771)
0_L <- support 0_WA (12.5608, 72.1868, 94.7436)
0_WA <- 180_AMH medium_SAT 2_to_3_TSC 0_L (5.00033, 80.9333, 94.6157)
2_to_3_TSC <- 180_AMH medium_SAT 0_L 0_WA (5.33369, 75.875, 117.482)
0_L <- 180_AMH medium_SAT 2_to_3_TSC (5.02033, 99.6016, 130.725)
2_to_3_TSC <- 180_AMH medium_SAT 0_L (6.52043, 76.6871, 118.74)
0_WA <- 180_AMH medium_SAT 2_to_3_TSC (5.02033, 81.0093, 94.7045)
2_to_3_TSC <- 180_AMH medium_SAT 0_WA (5.41369, 75.1232, 116.318)
2_to_3_TSC <- 180_AMH medium_SAT (6.60711, 75.9839, 117.651)
0_WA <- 180_AMH medium_SAT 0_L (6.52043, 81.7996, 95.6284)
0_L <- 180_AMH medium_SAT 0_WA (5.41369, 98.5222, 129.308)
